"baseMean"	"log2FoldChange"	"lfcSE"	"stat"	"pvalue"	"padj"
"HER2_pY1248"	11.851232732314	1.2997783753898	0.122022499381866	10.6519566635181	1.70737989213844e-26	3.09035760477058e-24
"SCD1"	62.4332848342156	-0.53191705693861	0.0533904128026442	-9.96278224903079	2.21767969027175e-23	2.00700011969594e-21
"53BP1"	63.2659457010526	-0.307829136892133	0.0319804613238895	-9.62553772362824	6.23797951739564e-22	3.76358097549537e-20
"ACC1"	61.8533414535133	-0.407378997846572	0.0432980850374627	-9.40870704776195	5.02277237950165e-21	2.2728045017245e-19
"HER2"	28.8674829533143	0.765351876637145	0.0838199641335668	9.13090198198557	6.79309262302006e-20	2.45909952953326e-18
"EGFR_pY1173"	10.1504777166704	1.25924642156185	0.148428880786903	8.48383693851152	2.1788704923633e-17	6.57292598529596e-16
"ACC_pS79"	46.1276921561586	-0.472403125546343	0.0573000485087314	-8.24437566530782	1.66024790419751e-16	4.05861587656993e-15
"IGFBP2"	27.9718365936103	0.681361280335779	0.0827385338559158	8.23511426395745	1.79386337085964e-16	4.05861587656993e-15
"Syk"	35.8067003550512	0.504738035065736	0.0627597393169709	8.042385780421	8.81059991070992e-16	1.77190953759833e-14
"A-Raf_pS299"	40.6706324112729	-0.617628594288608	0.0774430342659803	-7.97526336800473	1.52056222356468e-15	2.75221762465207e-14
"PI3K-p110-alpha"	55.9494123578776	-0.376585083225465	0.0493980169441701	-7.62348585067865	2.46915376396783e-14	4.06288028434707e-13
"AR"	33.9545678096625	0.562811633329361	0.0742595521474354	7.57897963364971	3.4828317162249e-14	4.59772854517276e-13
"EGFR_pY1068"	14.4288803026753	0.950337312100901	0.125135895573436	7.59444208830705	3.09121356082637e-14	4.59772854517276e-13
"Rab25"	57.9620220166024	-0.413561095357794	0.054586356862823	-7.57627215161261	3.55625412333805e-14	4.59772854517276e-13
"ER-alpha"	41.5133080736003	-0.637187777660821	0.0878932283231433	-7.24956620455642	4.18108554418264e-13	5.04517655664705e-12
"ADAR1"	42.1436140861841	-0.557011001390915	0.0775330230380143	-7.18417752288356	6.76129659030204e-13	7.64871676777918e-12
"FASN"	57.6131836036595	-0.360121484702742	0.0503221346229962	-7.15632370130368	8.28693339203488e-13	8.82314672916655e-12
"Bax"	30.4161757404978	0.537063338822613	0.075783274329964	7.086832069095	1.37216718642427e-12	1.31557169053035e-11
"N-Ras"	60.9403649032659	-0.368581479689047	0.0520158541144598	-7.08594496743225	1.3809868574628e-12	1.31557169053035e-11
"Annexin_VII"	47.0419703519397	-0.339393779473714	0.0484456964409532	-7.00565384352304	2.45835036189643e-12	2.22480707751627e-11
"p53"	34.6643976451205	-0.420006918232051	0.0610113054182687	-6.88408345556048	5.81607722460659e-12	5.01290465549425e-11
"PKC-alpha"	54.6698041682178	-0.343038605120865	0.0512450673099249	-6.69408048673648	2.17031946560195e-11	1.78558101488161e-10
"IRS1"	50.4273481354318	-0.41814963909668	0.0630102229284562	-6.6362190080086	3.21831561927592e-11	2.53267446560409e-10
"CD31"	45.7651550963013	-0.474380259161804	0.0717641462674433	-6.61026827231988	3.83624179916271e-11	2.89316569020187e-10
"PKC-alpha_pS657"	50.6106375241162	-0.357750913048024	0.0543563746566953	-6.581581558879	4.65470054154227e-11	3.37000319207661e-10
"14-3-3_epsilon"	45.2693793350327	-0.492266123522845	0.0749920236678994	-6.56424642843131	5.22966541984519e-11	3.640651696123e-10
"Smad4"	42.8900843316685	-0.43458226606943	0.0663577869765418	-6.54907714482793	5.78937212102202e-11	3.88102353298143e-10
"NF2"	54.4732752227729	-0.356570057822393	0.0546214261642116	-6.5280254080224	6.66423939865814e-11	4.30795475413259e-10
"HER3_pY1289"	27.5684703278875	-0.648520786218722	0.101173216402453	-6.410004636395	1.4551521111341e-10	9.08215627983694e-10
"Rictor"	57.5314806378692	-0.278948464935941	0.0440502683430246	-6.33250319302793	2.4121529368145e-10	1.40838606955943e-09
"TFRC"	28.6991095929919	0.409880871631063	0.064692450172243	6.33583780703559	2.3605500986509e-10	1.40838606955943e-09
"EGFR"	34.7431283345416	0.539607088366409	0.0867081657885441	6.22325571598819	4.86942746275168e-10	2.75426990861892e-09
"GATA3"	31.5863653673337	-0.515027036677949	0.0828564696141764	-6.21589405240397	5.10332303304973e-10	2.79909536055152e-09
"PI3K-p85"	65.362206576126	-0.232708959645659	0.0377116117328755	-6.17075083648022	6.79664563501124e-10	3.61821429393245e-09
"STAT5-alpha"	51.6288995976089	0.260936712077889	0.042344422627258	6.16224512906497	7.17207107889783e-10	3.70898532937288e-09
"P-Cadherin"	53.3146955358712	-0.327754765173425	0.055553511290522	-5.89980286681436	3.6393613980267e-09	1.82979003623009e-08
"Bad_pS112"	25.7236201287538	0.523704172129828	0.0888496482669942	5.89427400495825	3.76332256252607e-09	1.84097671301951e-08
"PAI-1"	23.6641208752854	0.555108173867807	0.0951807127602491	5.8321497892758	5.47177637377657e-09	2.60629348329884e-08
"PEA15"	40.3117833268129	-0.444116264410728	0.0767351234369465	-5.78765296149761	7.13766821386848e-09	3.31261011976973e-08
"Ku80"	54.5440979658115	-0.296773725367426	0.052076282073226	-5.69882705816293	1.20634522621404e-08	5.45871214861852e-08
"Bim"	32.4572812635946	-0.577577400632151	0.101835737495895	-5.67165726722837	1.4142269085078e-08	6.09464453428363e-08
"G6PD"	45.353209478128	-0.284939531813639	0.0502146709984645	-5.67442793406636	1.39152880856249e-08	6.09464453428363e-08
"PKC-pan_BetaII_pS660"	46.8992620626514	-0.395187013116861	0.0704156307163028	-5.61220582840517	1.9976362227016e-08	8.40865479788348e-08
"p27"	30.4566867452744	-0.483278193791353	0.0869216556159497	-5.55992853986404	2.69885131212531e-08	1.11020928976064e-07
"Beclin"	55.2995180743782	-0.296906733227492	0.0538572379094488	-5.51284738602241	3.53074375053466e-08	1.42014359743728e-07
"p70S6K"	67.4247472490819	-0.195516890346489	0.036704533821932	-5.32677764809703	9.9970418656032e-08	3.93361864711778e-07
"Mre11"	32.9360656931693	-0.425406489491347	0.0802833459771899	-5.29881364949853	1.16557517559943e-07	4.48870439964886e-07
"TAZ"	21.3015845132089	0.534778685804704	0.101087231684756	5.29026937321254	1.22136342346942e-07	4.6055579093326e-07
"4E-BP1_pT37_T46"	48.2710704985806	-0.400879576698597	0.076165803623005	-5.26324882860575	1.41531818650713e-07	5.22801207668959e-07
"c-Kit"	38.1021199956618	-0.520684705926416	0.101894749093408	-5.11002490863486	3.22116341303764e-07	1.16606115551963e-06
"INPP4B"	59.3715669393381	-0.352641392506866	0.0701804109482669	-5.02478380707707	5.03999968483952e-07	1.78870577050187e-06
"Caspase-7_cleavedD198"	34.8563696175602	-0.441447694732886	0.0879487046099389	-5.01937688213544	5.18393569648592e-07	1.80440838666144e-06
"CD20"	52.3768218883073	-0.188659675588497	0.037922781505602	-4.97483750132168	6.53023963917378e-07	2.23013844281218e-06
"PR"	46.9047326354324	-0.436306955976299	0.0881920234545871	-4.94723829758785	7.52738041302039e-07	2.47719246319398e-06
"PTEN"	58.6172047692857	-0.367846622117927	0.0743175393040671	-4.94966094898404	7.4342877136899e-07	2.47719246319398e-06
"Bak"	34.5463599160627	-0.435395561319256	0.0884988167215852	-4.91978963615974	8.66372766348096e-07	2.8002405483751e-06
"YAP"	24.1087656691353	0.361320838131755	0.073609510895457	4.9086162064698	9.1721274656416e-07	2.91255275663356e-06
"Tuberin"	68.7522240960919	-0.218666690811535	0.0446960371991183	-4.89230599655596	9.96613358205374e-07	3.11012099715815e-06
"Dvl3"	35.212818542502	-0.329824217840412	0.0702867977121531	-4.69254865175603	2.69822339832273e-06	8.27760059485448e-06
"PDK1_pS241"	69.1278442077942	-0.216800574278507	0.0471115571598674	-4.60185541188587	4.18743864360238e-06	1.26321065748672e-05
"Bap1-c-4"	47.728168940381	-0.222136094946563	0.0485319752153553	-4.57710806042529	4.71447961023371e-06	1.39888657287263e-05
"Heregulin"	54.3530155807765	-0.389736476736361	0.0853525765057324	-4.56619463280274	4.96657659268191e-06	1.44991994076682e-05
"TIGAR"	16.8236073971383	0.353281556796116	0.0800253849168715	4.41461865085806	1.01188205843401e-05	2.90715321550089e-05
"Transglutaminase"	49.1105944439912	-0.201098689852308	0.046302834486899	-4.34311834428209	1.40474412379361e-05	3.9727919751038e-05
"4E-BP1"	32.4518590611893	-0.341279476152304	0.0791707138885072	-4.31067827218173	1.62754556965554e-05	4.53208843242543e-05
"Chk1"	36.9720092006047	-0.349528756021692	0.0821705700059975	-4.25369759509007	2.10269222661231e-05	5.7664741366186e-05
"MYH11"	33.5660616056867	-0.395696940744046	0.0936191688206367	-4.22666581778946	2.37179507828818e-05	6.40738670403226e-05
"FoxM1"	34.1088926475948	-0.295379203298081	0.0702686997997894	-4.20356722323992	2.62741073100577e-05	6.99354915164772e-05
"Bcl-2"	35.9682252810986	-0.351661500094702	0.0845079093132934	-4.16128505547332	3.16461772214292e-05	8.30138851750533e-05
"C-Raf_pS338"	45.5347975242791	-0.308158194413311	0.0754607454360513	-4.08368871302044	4.43264004485714e-05	0.000114615406874163
"Gab2"	56.4007075288411	-0.201165435394719	0.0495083257431859	-4.06326476153169	4.8391087961993e-05	0.000123363196072123
"BRCA2"	44.3000760742279	-0.26780962575963	0.0659907075557714	-4.05829298819525	4.94327253944399e-05	0.000124268379116578
"CDK1"	18.2765794812711	0.306706488684791	0.078474460265516	3.90836060097845	9.2924538903807e-05	0.000227288399210663
"HER3"	15.6457562930823	-0.437474161889461	0.111891918975547	-3.90979228790479	9.23755190971706e-05	0.000227288399210663
"FOXO3a"	31.761973112009	-0.33551957018302	0.0869650291030357	-3.85809760134155	0.000114273017155158	0.000275778881401114
"AMPK_alpha"	39.9680448924644	0.239980478308919	0.0626782762210033	3.82876640485053	0.000128787172869059	0.000298852285760252
"PRDX1"	31.0098783376273	0.337805695865813	0.0881645705875346	3.83153565672303	0.000127345913869841	0.000298852285760252
"Smad1"	38.9826562664891	0.232963331936612	0.060839743647088	3.82913072888601	0.000128596685837388	0.000298852285760252
"CD49b"	35.61553225751	0.313397764310253	0.0823648558776684	3.80499378006226	0.000141807754147665	0.000324901310135789
"14-3-3_beta"	27.9565486547744	-0.376029457661477	0.103505289266504	-3.63294919830889	0.000280200200540167	0.000618490686558173
"Src"	45.3602011902447	-0.247686023345916	0.0681339795278306	-3.63527897625214	0.000277679978403625	0.000618490686558173
"YAP_pS127"	35.28148729497	0.269525110372553	0.0741783924923943	3.63347197636007	0.000279632830637325	0.000618490686558173
"Claudin-7"	42.4706642575823	-0.315199595161724	0.0885779171117046	-3.55844442316508	0.000373057705948836	0.000813535479237823
"Cyclin_E2"	26.8376380170196	-0.321854658243164	0.0911339533965915	-3.53166571017209	0.000412951033544769	0.000889811155614324
"FOXO3a_pS318_S321"	39.456042372861	-0.206715921901071	0.0604185785473705	-3.42139664439471	0.000623003995173471	0.0013112060828651
"p27_pT157"	24.199507007427	-0.320751365043633	0.0937344083676808	-3.42191699536268	0.000621812934069319	0.0013112060828651
"XRCC1"	43.4691305632098	-0.197825903640631	0.0580453787466153	-3.40812495175883	0.000654109347441276	0.00136084818260771
"PDK1"	51.5112865023878	-0.247958544417789	0.0734583687658975	-3.37549755846065	0.000736823458438641	0.00151551188610675
"Chk2_pT68"	31.3221845707973	-0.260960935755584	0.0796216028874876	-3.27751422091245	0.00104725455075543	0.00210864471079131
"Rab11"	20.7210049330739	-0.332189993782942	0.101364605325305	-3.27717937357779	0.00104849737000673	0.00210864471079131
"p70S6K_pT389"	44.7785580735601	-0.317070938572993	0.0976185598726258	-3.24805998968548	0.00116194769935423	0.00231112674267159
"YB-1_pS102"	34.4658041041367	0.201297675505738	0.0626493155153414	3.21308658921333	0.00131316693477887	0.00258351320864104
"Cyclin_E1"	36.2040223855851	-0.205158507754721	0.0639589476314725	-3.20765921504574	0.00133819965308634	0.0026044530882648
"Lck"	29.502023585722	0.256246503389855	0.0818441601931154	3.1309076027566	0.00174266979708377	0.00335556631140598
"ER-alpha_pS118"	31.0460735902615	-0.301921825645757	0.0970195019281079	-3.11197047650773	0.0018584308380214	0.00354079980717762
"PDCD4"	41.0028366016395	-0.237756354124105	0.0765757175439537	-3.10485310160672	0.00190373546863181	0.00358933458148288
"E-Cadherin"	38.7908930762789	-0.23860461398554	0.0772212039620487	-3.08988466565226	0.0020023423317599	0.00373632950565508
"Paxillin"	40.061408069441	0.200914532406591	0.0656240446775871	3.06159934813055	0.00220157918488708	0.0040661819639241
"S6"	54.4001681134173	-0.151759607158823	0.0508199125339471	-2.98622330484039	0.00282446311409995	0.00516391741062718
"Rad51"	32.3421507722098	-0.299288656130368	0.10120469174309	-2.95726068599781	0.00310385582598912	0.0056179790450403
"STAT3_pY705"	29.4403773923806	0.298922616668853	0.103171087958327	2.89734869123018	0.00376331222256604	0.00674415358697478
"PKC-delta_pS664"	33.2822682853281	-0.280874625996961	0.102724701131641	-2.73424622221117	0.00625232710698084	0.0110948157486621
"TTF1"	24.321779855159	-0.32107671546806	0.118113726421632	-2.71836919548122	0.00656045897456635	0.0115285735378302
"alpha-Catenin"	44.2227035911163	-0.187305620427157	0.0697759763235101	-2.68438551914675	0.00726632638277765	0.0126462026469496
"Cyclin_B1"	31.0951202571567	0.190569684680878	0.0722241636913132	2.63858624234647	0.00832525215970277	0.0143511489610114
"MEK1"	43.5848941044358	-0.270962311417853	0.104605799164017	-2.59031825752793	0.00958872379197906	0.0163731981730963
"MAPK_pT202_Y204"	41.6360661452548	-0.210070602927428	0.0824873414558602	-2.54670109643234	0.010874653475182	0.0183954418598874
"Src_pY527"	54.6802209119211	-0.160190087622001	0.0633849842686082	-2.5272560918081	0.0114957643327601	0.0192660494836072
"TSC1"	67.2422659041837	-0.108816083946988	0.0431271020351552	-2.52314852637877	0.0116309264403807	0.0193137402358615
"p27_pT198"	26.3602529333317	-0.228817602819034	0.0908225469474386	-2.51939205086878	0.0117557681104787	0.0193435820726967
"Rad50"	38.5702496825968	-0.162048209589165	0.0650533059233233	-2.491006525943	0.0127381780091216	0.0207712632400991
"GSK3-alpha-beta"	46.1987602612355	-0.200261138453712	0.082651759373142	-2.42295070271411	0.0153950156544329	0.0248794449415389
"NDRG1_pT346"	37.2111753457237	-0.215389529850987	0.0924262821355039	-2.33039266401746	0.0197854071497859	0.0316916698593916
"ASNS"	28.7012121058394	0.191805257636095	0.0824833207809396	2.32538234178876	0.0200515248427258	0.0318361929520471
"Tuberin_pT1462"	52.2971835651334	-0.157028127348057	0.0679337083128568	-2.31149058763128	0.0208057724632491	0.0327464766595486
"GSK3_pS9"	45.4626861352374	-0.171017701766334	0.0746940715803054	-2.28957530561804	0.0220459478687425	0.0343992807262275
"c-Jun_pS73"	36.1437037544195	0.143717079550558	0.063465666536936	2.26448546738128	0.0235442725865656	0.0364231909245159
"PRAS40_pT246"	36.3427912254806	0.198256926642018	0.0889310167792987	2.22933385698304	0.0257916995342761	0.0395618442008811
"p90RSK"	57.0688994240837	-0.124129957809627	0.0558540232620993	-2.22239957947411	0.02625631373875	0.0399360738379306
"ACVRL1"	29.9599903469103	0.19001187422126	0.0866985510627154	2.19163840562699	0.0284056264949367	0.0428451532965296
"Rb_pS807_S811"	48.0935251586176	-0.146193108156881	0.0675734989758066	-2.16346808101831	0.0305051961586652	0.0456317397084165
"Shc_pY317"	16.713081175659	-0.208239331495734	0.0988534046587789	-2.10654688338285	0.0351568751121924	0.0521589704533347
"Notch1"	43.7852075162077	-0.10690116404789	0.0514812248742591	-2.07650778140947	0.0378470121934927	0.0556935707887981
"GAPDH"	28.4005700929115	0.181421212835831	0.0876619673201422	2.06955443029563	0.038494089197411	0.0561889527800919
"B-Raf"	50.4932718631703	-0.203119894630346	0.0996882004094689	-2.03755202517482	0.0415947540238673	0.0602292038265598
"N-Cadherin"	20.5239492087547	0.211861214096147	0.106653337183251	1.98644711634413	0.046983699370602	0.0674924570323727
"ERK2"	34.4656456578808	-0.184048163111659	0.0929836170190051	-1.97936119299426	0.0477753544618462	0.0680892847054658
"p90RSK_pT359_S363"	33.3188302779563	-0.14158781350618	0.0738691413631176	-1.91673831444959	0.055271185100684	0.0781569101814359
"Chk1_pS345"	43.428949383347	-0.139235077803692	0.0732319798988727	-1.90128790722255	0.0572643121373811	0.080347600750899
"eIF4G"	48.44816934126	0.0989457572024622	0.0526845395124051	1.87807956789989	0.0603702809906665	0.0840540066100818
"S6_pS235_S236"	29.120345800891	0.170387500150855	0.0912376648089492	1.86751272632465	0.0618300213052749	0.0854292660782806
"Akt_pS473"	39.7896679687001	0.145714328159811	0.0814097793713146	1.78988727503117	0.0734720349163888	0.100745744847473
"Caveolin-1"	31.3373033742063	0.161162422233683	0.0904804476824758	1.78118506662624	0.0748822224189506	0.101907385397218
"RBM15"	46.0702762651079	-0.0751364011598275	0.0423419981227706	-1.77451241063233	0.0759784310945489	0.102627582299353
"PEA15_pS116"	29.9141313261014	-0.197838966855838	0.11567738560878	-1.71026485267334	0.0872169080402426	0.116935261890992
"ETS-1"	29.837667217747	-0.185855629929399	0.110041006258199	-1.68896701556244	0.091225751172294	0.121410742369009
"YB-1"	28.5827752829234	0.145031317260885	0.0874286510060447	1.65885342610236	0.097145331539648	0.128345292034133
"4E-BP1_pS65"	34.2320051820858	-0.142855590438864	0.0887113991506741	-1.61034085592797	0.107323464613765	0.140413976681994
"c-Met_pY1235"	29.8045326144439	-0.149181142464347	0.0927734332603435	-1.60801575646889	0.107831727949156	0.140413976681994
"ATM"	53.8158859939241	-0.0778801244051989	0.0488883909424242	-1.59301876997584	0.111155980350919	0.143708803167974
"Stathmin"	28.3515156414729	-0.142303774536038	0.0924368369625592	-1.53947040175852	0.123689498333092	0.158778717718366
"Fibronectin"	23.3226320068963	0.159770567928748	0.106922392862239	1.49426666998184	0.135105933006684	0.1722124920719
"p21"	43.6721296457831	-0.0918500985645549	0.0616593653884458	-1.48963742954394	0.136319594824061	0.172544382259826
"SF2"	49.9116972781908	-0.0826354112278988	0.0564616779679801	-1.46356633741495	0.143312475829127	0.180135820313
"beta-Catenin"	60.6818147152692	-0.0547142481930667	0.0399431771626917	-1.36980210588185	0.170748684525713	0.213141461373476
"Akt_pT308"	39.3495325484609	0.112702256609003	0.0832377325370084	1.35398037853679	0.17574263776499	0.217872722160707
"Rictor_pT1135"	27.4460470219494	0.10823644415685	0.0889940831247235	1.21622067845969	0.22390086853738	0.2756874639814
"AMPK_pT172"	63.4345171475222	-0.0511989807294866	0.0424965053021132	-1.20478096647022	0.22828786964151	0.279189894629144
"c-Myc"	37.1720050797927	-0.0848269012054645	0.0711846570232494	-1.19164585112434	0.233400138440839	0.281636167051946
"mTOR"	70.7723177928643	-0.0465980812869804	0.0390566318623136	-1.19309011210318	0.232834083569909	0.281636167051946
"MIG-6"	35.3421169735083	-0.0714148080403277	0.0620028100841417	-1.15179953849532	0.249403457583773	0.298953813395118
"VEGFR2"	30.0911919945095	0.080421365137957	0.0707089147115809	1.13735821665476	0.255388566922209	0.304114017190263
"Bcl-xL"	37.7738872536643	0.109804598941643	0.0971759649886009	1.12995635242236	0.258494616761549	0.305800821136212
"C-Raf"	39.6826729261741	-0.0733639623734254	0.0720943749050022	-1.01761007665433	0.30886329668727	0.363014653898675
"Cyclin_D1"	46.3984810782747	0.0850899898532213	0.0856923627209576	0.992970518624887	0.320724321813592	0.372201352303338
"JNK2"	50.0797270029027	-0.0649408848193696	0.0654098085093619	-0.992830988185431	0.320792325742103	0.372201352303338
"Bid"	22.2402100406211	0.0838594220718775	0.0909632329561484	0.921904590971437	0.356578344242746	0.408485318404665
"PCNA"	39.4799201876878	-0.065774698901414	0.0710769052217295	-0.925401840389999	0.354756921868423	0.408485318404665
"eIF4E"	58.2592785583574	-0.0444009175693823	0.0488183502672728	-0.909512864041784	0.363079470577909	0.413316881601267
"4E-BP1_pT70"	38.6653138613006	-0.048270921912187	0.0547451432946387	-0.881738890560439	0.377918024792323	0.426349688390587
"HSP70"	20.3176897719045	0.0975559433780743	0.112050727685342	0.87064087305197	0.383950271865557	0.426349688390587
"Raptor"	46.9468451662114	-0.0516656521723813	0.0590584415115526	-0.87482247837974	0.381670504494957	0.426349688390587
"cIAP"	57.362566755886	-0.0432662126878605	0.0493653110304139	-0.876449713062766	0.380785602697819	0.426349688390587
"14-3-3_zeta"	33.5330272542286	-0.0781666589135858	0.0933037664912004	-0.837765310588589	0.40216252489667	0.443850103696935
"p62-LCK-ligand"	24.0121775081151	-0.0512102146689295	0.0674333891451467	-0.759419262743895	0.447601794153958	0.49100560449616
"Src_pY416"	23.7624786915855	0.0636800870690536	0.0920196936024402	0.692026723585667	0.4889205468721	0.533100114360543
"eEF2"	32.0813479622169	-0.0369651917132039	0.0633666315733628	-0.583354216491805	0.559654871799084	0.606572046680445
"NF-kB-p65_pS536"	46.684527071496	-0.0314293830023314	0.0660634553883791	-0.475745369623218	0.634255794173973	0.679613602367799
"S6_pS240_S244"	37.7769042583704	0.0324895391773476	0.0691176429621904	0.470061445745777	0.638311118246	0.679613602367799
"Smad3"	26.3110496893506	-0.041806829337388	0.088170556641782	-0.474158618587837	0.635386800080463	0.679613602367799
"p38_pT180_Y182"	49.5412575309768	-0.0294151460260403	0.0641865035765744	-0.458276185599486	0.646754031090517	0.684575904253706
"DJ-1"	37.5058922734918	0.0314247765530651	0.0728664489654445	0.431265376579112	0.666275422467382	0.701138671317419
"PREX1"	53.4329299767712	-0.02985697892092	0.0702849054910536	-0.424799303809555	0.670982985238493	0.702011100162816
"LKB1"	34.5773424610399	0.0344725203994248	0.0940530404445396	0.366522126626542	0.713975504938405	0.742698657435927
"MEK1_pS217_S221"	29.0642987949774	0.0312225317241977	0.0997171531433969	0.313110941698251	0.754196376501518	0.780054537981571
"eEF2K"	33.0635173905138	-0.0209655369422507	0.0717738871830716	-0.29210535704684	0.770206070894731	0.792086925181513
"Chk2"	38.4383600115864	-0.0149589854668404	0.0649437867879979	-0.230337438062742	0.817829571229509	0.836311595438086
"Akt"	58.9202687597102	0.0100601040206115	0.0521143740446234	0.193038949522783	0.846928464421904	0.86120253966497
"Collagen_VI"	28.8156093162021	0.0156290840427805	0.0890249958725366	0.175558379863986	0.860640902470954	0.870257001939904
"GSK3-alpha-beta_pS21_S9"	44.4966169346223	0.00711942934696569	0.0637484598390453	0.111680021210569	0.911077120980292	0.916138660541294
"mTOR_pS2448"	40.7809640047359	-0.00222468779783125	0.0623074076886959	-0.0357050289902346	0.971517560556241	0.971517560556241
